# GIMP colorrc
# 
# This file holds a list of recently used colors.

(color-history
    (color-rgba 0.35686275362968445 0.35686275362968445 0.35686275362968445 1)
    (color-rgba 1 0 0 1)
    (color-rgba 1 1 1 1)
    (color-rgba 0.74575854438160816 1 0.7142857142857143 1)
    (color-rgba 0.35800344234079173 0.35800344234079173 0.35800344234079173 1)
    (color-rgba 0 0 0 1)
    (color-rgba 0 0.11703958691910543 1 1)
    (color-rgba 0.14022810236235367 0.58003442340791733 0.45059056643925749 1)
    (color-rgba 0.60240963855421681 0.21680127101813851 0.21680127101813851 1)
    (color-rgba 0.97762478485370052 0.30349340848480266 0.30349340848480266 1)
    (color-rgba 0.66265060240963858 0.54798474015412735 0.48606513967959758 1)
    (color-rgba 0.58691910499139421 0.47802875450191912 0.41922793213671017 1)
    (color-rgba 0.88812392426850262 0.72335142909967809 0.634374231620359 1)
    (color-rgba 0.97647064924240112 0.78039222955703735 0.67450982332229614 1)
    (color-rgba 1 0.9803922176361084 0.95686280727386475 1)
    (color-rgba 0.56470590829849243 0.49803924560546875 0.43529415130615234 1)
    (color-rgba 0.88468158347676418 0.66047312392806912 0.60031964593066145 1)
    (color-rgba 0.89411771297454834 0.90196084976196289 0.88235300779342651 1)
    (color-rgba 0.95294123888015747 0.83137261867523193 0.74901962280273438 1)
    (color-rgba 0.98823535442352295 0.96078437566757202 0.92941182851791382 1)
    (color-rgba 1 0.90980398654937744 0.83137261867523193 1)
    (color-rgba 1 0.94117653369903564 0.88235300779342651 1)
    (color-rgba 0.90196084976196289 0.82352948188781738 0.81960791349411011 1)
    (color-rgba 1 1 1 4.6641387064976033e-310)
    (color-rgba 0.97254908084869385 0.76862752437591553 0.68627452850341797 1)
    (color-rgba 0.36862745881080627 0.29803922772407532 0.29019609093666077 1)
    (color-rgba 0.98823535442352295 0.83921575546264648 0.74901962280273438 1)
    (color-rgba 0.98823535442352295 0.92549026012420654 0.86274516582489014 1)
    (color-rgba 0.78431379795074463 0.058823533356189728 0.058823533356189728 1)
    (color-rgba 1 0.98823535442352295 0.98431378602981567 1)
    (color-rgba 0.89411771297454834 0.41568630933761597 0.28235295414924622 1)
    (color-rgba 0.90980398654937744 0.80392163991928101 0.95686280727386475 1)
    (color-rgba 0.89019614458084106 0.41960787773132324 0.28627452254295349 1)
    (color-rgba 0.78283712784588444 0.057709147245049143 0.057709147245049143 1)
    (color-rgba 0.55294120311737061 0.51372551918029785 0.55686277151107788 1)
    (color-rgba 0.61568629741668701 0.42745101451873779 0.364705890417099 1)
    (color-rgba 0.99215692281723022 0.90980398654937744 0.83529418706893921 1)
    (color-rgba 0.90984205698842824 0.80444788719744942 0.95796847635726801 1)
    (color-rgba 0.95294123888015747 0.68235296010971069 0.55294120311737061 1)
    (color-rgba 0.93333339691162109 0.64705884456634521 0.5215686559677124 1)
    (color-rgba 0.65490198135375977 0.36078432202339172 0.30980393290519714 1)
    (color-rgba 0.9803922176361084 0.74901962280273438 0.62745100259780884 1)
    (color-rgba 0.54117649793624878 0.27843138575553894 0.20392158627510071 1)
    (color-rgba 0.98823535442352295 0.92156869173049927 0.85098046064376831 1)
    (color-rgba 0.85882359743118286 0.5215686559677124 0.39215689897537231 1)
    (color-rgba 0.54901963472366333 0.51372551918029785 0.56078433990478516 1)
    (color-rgba 0.87985290962523888 0.86344245363509808 0.88616462346760072 1)
    (color-rgba 0.99124343257443082 0.98241825956361861 0.97535812115496889 1)
    (color-rgba 0.97723292469352019 0.94069109524451033 0.91145763168530247 1)
    (color-rgba 0.54744762275410264 0.51371862230005838 0.56042031523642732 1)
    (color-rgba 0.62352943420410156 0.57254904508590698 0.64313727617263794 1)
    (color-rgba 0 0 0 4.6464748845913732e-310)
    (color-rgba 0.44981813283039196 0.88266199649737298 0.67116735908390945 1)
    (color-rgba 0.51458866585836815 0.8318739054290718 0.67684311411519038 1)
    (color-rgba 0.76702478782163541 0.99299474605954463 0.88258210446869234 1)
    (color-rgba 0.30196079611778259 0.42745101451873779 0.28235295414924622 1)
    (color-rgba 0.070588238537311554 0.29411765933036804 0.062745101749897003 1)
    (color-rgba 1 0.87884614276341666 0.82051282051282048 1)
    (color-rgba 0.90196084976196289 0.69019609689712524 0.58823531866073608 1)
    (color-rgba 0.65064102564102566 1 0.8366394988549104 1)
    (color-rgba 0.87740805604203154 0.54838003502626975 0.54838003502626975 1)
    (color-rgba 0.81176477670669556 0.61960786581039429 0.49411767721176147 1)
    (color-rgba 0.28235294117647058 0.37647058823529411 0.80784313725490198 4.6423824588532944e-310)
    (color-rgba 0.57712305025996535 0.53251097427333216 0.051793094254099462 1)
    (color-rgba 0.36741767764298094 0.33991604893659094 0.043571968182020186 1)
    (color-rgba 0.08594024551781286 0 0.53899480069324091 1)
    (color-rgba 1 0.033333329639087306 0 1)
    (color-rgba 0.27058824896812439 0.043137256056070328 0.035294119268655777 1)
    (color-rgba 0.83921575546264648 0.76862752437591553 0.81568634510040283 1)
    (color-rgba 0.22352942824363708 0.015686275437474251 0.011764707043766975 1)
    (color-rgba 0.79215693473815918 0.89019614458084106 0.70196080207824707 1)
    (color-rgba 0.38823533058166504 0.019607843831181526 0.011764707043766975 1)
    (color-rgba 0.22745099663734436 0.84705889225006104 0.99215692281723022 1)
    (color-rgba 0.21568629145622253 0 0 1)
    (color-rgba 0.7137255072593689 0.5372549295425415 0.61568629741668701 1)
    (color-rgba 0.22598653512864947 0.8455008714031661 0.99306759098786823 1)
    (color-rgba 0.7882353663444519 0.63921570777893066 0.72156864404678345 1)
    (color-rgba 0.65805114873572412 0.82681948010629192 0.95493934142114389 1)
    (color-rgba 0.79215693473815918 0.63921570777893066 0.70980393886566162 1)
    (color-rgba 0.79371285438537598 0.88923841714859009 0.70001792907714844 1)
    (color-rgba 0.22183708838821492 0.014368453899385314 0.0099542283251121966 1)
    (color-rgba 0.27209705372616988 0.041534044708198832 0.036628449540061322 1)
    (color-rgba 0.32409012131715775 0.040316498540686793 0.034278762831622442 1)
    (color-rgba 0.92156869173049927 0.7137255072593689 0.50196081399917603 1)
    (color-rgba 0.9960784912109375 0.70588237047195435 0.32549020648002625 1)
    (color-rgba 0 0.015686275437474251 0.0078431377187371254 1)
    (color-rgba 0.0078431377187371254 0.0078431377187371254 0.015686275437474251 1)
    (color-rgba 0.55502599653379547 0.77336534216004005 0.94627383015597921 1)
    (color-rgba 0.38039219379425049 0.10588236153125763 0.11372549831867218 1)
    (color-rgba 0.38706400990486145 0.019905382767319679 0.011440143920481205 1)
    (color-rgba 0.64705884456634521 0.46274513006210327 0.52549022436141968 1)
    (color-rgba 0.729411780834198 0.54509806632995605 0.62352943420410156 1)
    (color-rgba 0.16275191307067871 -0.010054063051939011 -0.0046927845105528831 1)
    (color-rgba 0.89567136764526367 0.81684035062789917 0.8656272292137146 1)
    (color-rgba 0.36559206247329712 0.026101306080818176 0.039045274257659912 1)
    (color-rgba 0.38659876585006714 0.038622483611106873 0.1011093482375145 1)
    (color-rgba 0.82015079259872437 0.61117017269134521 0.69754821062088013 1)
    (color-rgba 0.81102293729782104 0.6116257905960083 0.69344818592071533 1)
    (color-rgba 0.66190880537033081 0.48701930046081543 0.55119204521179199 1)
    (color-rgba 0.82855767011642456 0.70117413997650146 0.75106531381607056 1)
    (color-rgba 0.68164807558059692 0.50666928291320801 0.56223547458648682 1)
    (color-rgba 0.33756497619359627 0.33920578484112923 0.35945485519591136 1)
    (color-rgba 0.27597955706984667 0.20875376752719171 0.20875376752719171 1)
    (color-rgba 0.90289608177172065 0.44879571216095954 0.028938976979862838 1)
    (color-rgba 0.79215693473815918 0.89019614458084106 0.69803923368453979 1)
    (color-rgba 0.364705890417099 0.027450982481241226 0.039215687662363052 1)
    (color-rgba 0.43339288234710693 0.044447988271713257 0.061078175902366638 1)
    (color-rgba 0.60709613561630249 0.39453575015068054 0.47298413515090942 1)
    (color-rgba 0.90508103370666504 0.81647318601608276 0.86975616216659546 1)
    (color-rgba 0.66203725337982178 0.45387005805969238 0.54480659961700439 1)
    (color-rgba 0.23285415768623352 0.14105620980262756 0.22433772683143616 1)
    (color-rgba 0.64223545789718628 0.43418687582015991 0.52090215682983398 1)
    (color-rgba 0.11348157376050949 0.018907129764556885 0.068499073386192322 1)
    (color-rgba 0.80392163991928101 0.63529413938522339 0.70980393886566162 1)
    (color-rgba 0.81568634510040283 0.4901961088180542 0.59215688705444336 1)
    (color-rgba 0.83921575546264648 0.76862752437591553 0.82352948188781738 1)
    (color-rgba 0.74117648601531982 0.80784320831298828 0.63529413938522339 1)
    (color-rgba 0.54117649793624878 0.0078431377187371254 0.015686275437474251 1)
    (color-rgba 0.36568457538994803 0.025785450828778377 0.039947915613436975 1)
    (color-rgba 0.78039222955703735 0.66274511814117432 0.72156864404678345 1)
    (color-rgba 0.39861351819757362 0.042161045193974116 0.060163692927263063 1)
    (color-rgba 0.43529415130615234 0.047058828175067902 0.066666670143604279 1)
    (color-rgba 0.44705885648727417 0.054901964962482452 0 1)
    (color-rgba 0.56470590829849243 0.20784315466880798 0.22352942824363708 1)
    (color-rgba 0.40784317255020142 0.031372550874948502 0.047058828175067902 1)
    (color-rgba 0.84705889225006104 0.76078438758850098 0.80784320831298828 1)
    (color-rgba 0.71764707565307617 0.54117649793624878 0.61960786581039429 1)
    (color-rgba 0.79213017120536444 0.8890814558058926 0.69815691241167843 1)
    (color-rgba 0.46274513006210327 0.011764707043766975 0.019607843831181526 1)
    (color-rgba 0.46100519930675909 0.011820646136070756 0.018426301387432422 1)
    (color-rgba 0.51819757365684582 0.0066435586366262048 0.014166411864371528 1)
    (color-rgba 0.40392160415649414 0.031372550874948502 0.054901964962482452 1)
    (color-rgba 0.3333333432674408 0.062745101749897003 0.13725490868091583 1)
    (color-rgba 0.18823531270027161 0.098039224743843079 0.16078431904315948 1)
    (color-rgba 0.61176472902297974 0.49411767721176147 0.53333336114883423 1)
    (color-rgba 0.16078431904315948 0.078431375324726105 0.14509804546833038 1)
    (color-rgba 0.32549020648002625 0.79607850313186646 0.93333339691162109 1)
    (color-rgba 0.98823535442352295 0.9803922176361084 0.83137261867523193 1)
    (color-rgba 0.83921575546264648 0.7882353663444519 0.62352943420410156 1)
    (color-rgba 0.93333339691162109 0.90588241815567017 0.74117648601531982 1)
    (color-rgba 0.95294123888015747 0.9647059440612793 0.65490198135375977 1)
    (color-rgba 0.46666669845581055 0.19215688109397888 0.23137256503105164 1)
    (color-rgba 0.1098039299249649 0.050980396568775177 0.062745101749897003 1)
    (color-rgba 0.12156863510608673 0.062745101749897003 0.074509806931018829 1)
    (color-rgba 0.70980393886566162 0.57254904508590698 0.59607845544815063 1)
    (color-rgba 0.77647066116333008 0.62745100259780884 0.67843139171600342 1)
    (color-rgba 0.364705890417099 0.7882353663444519 0.94117653369903564 1)
    (color-rgba 0.36862745881080627 0.066666670143604279 0.10588236153125763 1)
    (color-rgba 0.35294118523597717 0.80392163991928101 0.97647064924240112 1)
    (color-rgba 0.80000007152557373 0.64705884456634521 0.72156864404678345 1)
    (color-rgba 0.98823535442352295 0.9803922176361084 0.68627452850341797 1)
    (color-rgba 0.98823535442352295 0.9803922176361084 0.67843139171600342 1)
    (color-rgba 0.78039222955703735 0.64705884456634521 0.7137255072593689 1)
    (color-rgba 0.72549021244049072 0.5215686559677124 0.61176472902297974 1)
    (color-rgba 0.40000003576278687 0.7450980544090271 0.89411771297454834 1)
    (color-rgba 0.79607850313186646 0.65098041296005249 0.71764707565307617 1)
    (color-rgba 0.3490196168422699 0.058823533356189728 0.094117656350135803 1)
    (color-rgba 0.46666669845581055 0.19215688109397888 0.22745099663734436 1)
    (color-rgba 0.34509804844856262 0.058823533356189728 0.094117656350135803 1)
    (color-rgba 0.82352948188781738 0.65490198135375977 0.69019609689712524 1)
    (color-rgba 0.33725491166114807 0.058823533356189728 0.090196080505847931 1)
    (color-rgba 0.80392163991928101 0.67058825492858887 0.73725491762161255 1)
    (color-rgba 0.81960791349411011 0.49411767721176147 0.59607845544815063 1)
    (color-rgba 0.35686275362968445 0.76078438758850098 0.89019614458084106 1)
    (color-rgba 0.22745099663734436 0.22745099663734436 0.27450981736183167 1)
    (color-rgba 0.46598639455782309 0.19178861255112975 0.22559382304878364 1)
    (color-rgba 0.45748299319727892 0.14121661526346874 0.18020836567493639 1)
    (color-rgba 0.76862752437591553 0.63921570777893066 0.70588237047195435 1)
    (color-rgba 0.84313732385635376 0.76470595598220825 0.81176477670669556 1)
    (color-rgba 0.80784320831298828 0.69803923368453979 0.75294125080108643 1)
    (color-rgba 0.37955708527693488 0.7441378605403538 0.86795774647887325 1)
    (color-rgba 0.80784320831298828 0.49803924560546875 0.61176472902297974 1)
    (color-rgba 0.80000007152557373 0.63529413938522339 0.7137255072593689 1)
    (color-rgba 0.23921570181846619 0.054901964962482452 0.078431375324726105 1)
    (color-rgba 0.27843138575553894 0.027450982481241226 0.031372550874948502 1)
    (color-rgba 0.83137261867523193 0.49411767721176147 0.59215688705444336 1)
    (color-rgba 0.86274516582489014 0.47843140363693237 0.66274511814117432 1)
    (color-rgba 0.85882359743118286 0.50980395078659058 0.58823531866073608 1)
    (color-rgba 0.17647059261798859 0.086274512112140656 0.11764706671237946 1)
    (color-rgba 0.78431379795074463 0.65098041296005249 0.7137255072593689 1)
    (color-rgba 0.83137261867523193 0.75294125080108643 0.80000007152557373 1)
    (color-rgba 0.80784320831298828 0.68627452850341797 0.75294125080108643 1)
    (color-rgba 0.16078431904315948 0.078431375324726105 0.10588236153125763 1)
    (color-rgba 0.058823533356189728 0 0 1)
    (color-rgba 0.7882353663444519 0.64313727617263794 0.70980393886566162 1)
    (color-rgba 0.96862751245498657 0.70588237047195435 0.364705890417099 1)
    (color-rgba 0.058823533356189728 0.0039215688593685627 0 1)
    (color-rgba 0.4745098352432251 0.28627452254295349 0.23137256503105164 1)
    (color-rgba 0.035294119268655777 0 0 1)
    (color-rgba 0.51372551918029785 0.21568629145622253 0.16078431904315948 1)
    (color-rgba 1 0.97254908084869385 0.93725496530532837 1)
    (color-rgba 0.93333339691162109 0.69411766529083252 0.47058826684951782 1)
    (color-rgba 0.9490196704864502 0.65490198135375977 0.29019609093666077 1)
    (color-rgba 0.98767605633802813 0.97890903912674909 0.67644694533762062 1)
    (color-rgba 0.99647887323943662 0.8661235298301514 0.77219102395724837 1)
    (color-rgba 0.074509806931018829 0.027450982481241226 0.043137256056070328 1)
    (color-rgba 0.63921570777893066 0.51764708757400513 0.57647061347961426 1)
    (color-rgba 0.84705889225006104 0.76470595598220825 0.81568634510040283 1)
    (color-rgba 0.058823533356189728 0.015686275437474251 0.031372550874948502 1)
    (color-rgba 0.729411780834198 0.51764708757400513 0.61176472902297974 1)
    (color-rgba 0.77647066116333008 0.63921570777893066 0.7137255072593689 1)
    (color-rgba 0.54117649793624878 0.027450982481241226 0 1)
    (color-rgba 0.53333336114883423 0.015686275437474251 0 1)
    (color-rgba 0.79215693473815918 0.63921570777893066 0.72156864404678345 1)
    (color-rgba 0.68627452850341797 0.5372549295425415 0.60000002384185791 1)
    (color-rgba 0.55294120311737061 0.011764707043766975 0.011764707043766975 1)
    (color-rgba 0.4901961088180542 0.023529414087533951 0 1)
    (color-rgba 0.7725490927696228 0.62352943420410156 0.70588237047195435 1)
    (color-rgba 0.52941179275512695 0.0078431377187371254 0.011764707043766975 1)
    (color-rgba 0.7725490927696228 0.64313727617263794 0.71764707565307617 1)
    (color-rgba 0.37647062540054321 0.047058828175067902 0.098039224743843079 1)
    (color-rgba 0.5372549295425415 0.015686275437474251 0.011764707043766975 1)
    (color-rgba 0.78431379795074463 0.63137257099151611 0.70588237047195435 1)
    (color-rgba 0.84705889225006104 0.7568628191947937 0.86666673421859741 1)
    (color-rgba 0.15294118225574493 0.062745101749897003 0.14117647707462311 1)
    (color-rgba 0.7725490927696228 0.63529413938522339 0.7137255072593689 1)
    (color-rgba 0.12549020349979401 0.043137256056070328 0.070588238537311554 1)
    (color-rgba 0.51372551918029785 0.0039215688593685627 0.0039215688593685627 1)
    (color-rgba 0.79187817258883242 0.20848700130238748 0.18587494083274844 1)
    (color-rgba 0.11372549831867218 0.047058828175067902 0.070588238537311554 1)
    (color-rgba 0.71573604060913709 0.069042061795093632 0.069042061795093632 1)
    (color-rgba 0.20000000000000001 0.70196078431372544 0.9882352941176471 5.2152211473884491e-310)
    (color-rgba 0.44313728809356689 0.46274513006210327 0.47843140363693237 1)
    (color-rgba 0.85279187817258884 0.057584017497184448 0.057584017497184448 1)
    (color-rgba 0.017333964450683102 0.59898477157360408 0.076384807813416347 1)
    (color-rgba 0.023529411764705882 0 0.10980392156862745 1)
    (color-rgba 0.019014734774827957 0 0.1061900332570076 1)
    (color-rgba 0.023529411764705882 0 0 1)
    (color-rgba 0.91764705882352937 0.32941176470588235 0.12941176470588237 1)
    (color-rgba 0.97254901960784312 0.97647058823529409 0 1)
    (color-rgba 0.97254901960784312 0.97647058823529409 0 6.9530811095319396e-310)
    (color-rgba 0 0.55882352941176494 1 1)
    (color-rgba 0.10196078431372549 0.10196078431372549 0.10196078431372549 1)
    (color-rgba 0.52549019607843139 0.74509803921568629 0.2627450980392157 1)
    (color-rgba 0.28235294117647058 0.72549019607843135 0.7803921568627451 1)
    (color-rgba 0.67647058823529438 0 1 1)
    (color-rgba 0.02166064981949456 0.0015991083759358401 0.0015991083759358401 1)
    (color-rgba 0.87058800000000003 0.32549 0.27843099999999998 1)
    (color-rgba 0 0.47058823529411764 1 1)
    (color-rgba 0.17647099999999999 0.78039199999999997 0.99215699999999996 0)
    (color-rgba 0.73725499999999999 0.24313699999999999 0.16470599999999999 1)
    (color-rgba 0.20000000000000001 0.20000000000000001 0.20000000000000001 1)
    (color-rgba 0.129412 0.45882400000000001 0.60784300000000002 1)
    (color-rgba 0.78039199999999997 0.403922 0.40784300000000001 1)
    (color-rgba 1 1 1 1)
    (color-rgba 1 1 1 1))

# end of colorrc
